1.0191167752957613
1.0974093424693272
1.0069792963409112
1.0206870770033794
2.486421041005216
2.3728343599281594
1.0064704660204886
none 
1.0149235121699918
0.9943283563777172
1.3214882254846227
none 
1.0337678313370655
1.0851311006679087
1.1171190949826713
1.0496551487771124
0.98299451335381
1.1572953844670923
none 
2.9625501113602093
1.00346573025199
1.2834561311792607
1.0205276824878904
1.0595564278469891
1.011960951256692
1.1526645757960587
1.002096629919433
1.4315372254988545
3.5360771676056677
1.0832485773565934
1.0486448546316467
1.2888496885679417
0.9476636060795718
1.0338793359842655
1.0822304494885313
1.1900561631887556
1.1406221464205137
1.930008507283858
0.9937791067317827
3.1188972514936
1.5602651308609912
none 
1.0123277742331283
2.164609001046122
3.686535622085083
2.533717800748178
none 
2.2381654898724506
1.0139458037707743
1.5180594253019344
1.1794086714524212
3.4093650276753973
1.356201168278192
1.0009461142675842
1.2342528930499528
1.4189605923591166
0.6290419872381869
none 
none 
0.8178576050909815
1.2540389394428821
1.4377741430169926
0.9855779696820096
1.1319168263632355
1.0748265196218
1.12355657798172
none 
1.835726628223376
none 
0.9974994434160084
1.0761424476768777
2.390921792672594
1.2433586746616365
none 
none 
0.9986367869392143
1.5913120572616837
1.4423302380131755
1.0405189056604844
0.9921982620041092
1.0429361514927802
0.9901130230806043
1.0119371214721227
none 
none 
1.2302275826547953
1.6191499392297386
none 
0.9197927575794688
none 
1.1676253206250826
1.1811508817540184
1.179609849866749
1.3411730480466357
none 
0.36873715212172986
none 
1.2575166399122373
1.238148306985428
none 
1.0408589132229547
1.2910137815710638
1.439868172162929
none 
1.8495252172753314
none 
1.377119386548313
1.0304822256284667
1.3603026704245536
1.0882072328250005
1.1928714782026466
none 
2.3879681630482423
1.0302342634028778
1.1521987406703609
0.9931131497721163
1.124871265363272
1.4893105505635353
2.2706966110395252
1.011451505690293
0.6732413790292091
0.7980005753345751
none 
1.1848716724793364
none 
none 
0.859830084345512
0.547572136975668
0.906172231387649
0.8760046072308076
0.98881124199208
none 
none 
1.0984424570726279
0.973787962340879
1.09028755764079
1.5886905379423233
1.2474441896617146
0.8257083513669673
1.1705906562154937
none 
none 
0.9408403836771814
0.9789734088922502
none 
1.152345158821758
1.0069066025044466
0.6832684326777027
1.0950303865392046
2.045942146694322
1.2893483393245795
none 
0.4325853875061341
1.1358415888789155
none 
0.9002032790496362
0.8606655066176387
0.9142672849178475
none 
1.4704540508703716
1.0127357260610608
none 
none 
1.3555818702551328
2.195038172283343
1.4114999107772852
1.2514576547699443
1.007179788219474
1.4042013218672509
2.2674756255316995
0.9022669675819173
0.9553173740393164
none 
1.7133970593892045
1.179360510109947
none 
none 
1.4965926055462577
1.250576215564907
0.65296507978443
none 
1.297861320593105
0.8887251278338026
1.0372867528000254
0.7571239031833631
1.066901161685855
1.2585486503717411
0.9981473470877801
1.0310845816415066
0.9651450415031513
1.1176554501875946
0.8455744265022967
1.5699268512622933
none 
0.47039841197444576
1.103103153405429
1.167139506324216
1.253018466233673
none 
1.5283012074065032
none 
0.8667730993359153
1.0791806903938286
1.1245768456310974
1.8355214687936725
1.747743625862179
1.4396603963057522
1.0553403727243884
1.372089726291953
0.86179298553967
none 
0.6298147407285681
0.9368930953161836
1.1737094881193504
1.2222627055041724
0.9749804868193149
none 
0.7672169683996316
1.4213876799186567
1.9054103085944942
1.7882494576835644
0.8013988353432615
3.8638823665089626
1.6057088733550406
none 
none 
none 
none 
none 
0.5180803321684322
0.9775662773109433
1.1673931314999841
none 
none 
1.898500935689694
1.0661467151068043
none 
0.9444125955102678
1.0323183653479466
1.0669959769951465
1.1673398862390547
1.104429146898426
1.1305244018917797
1.1241013278105187
none 
1.0489156318500918
1.3389012288867552
2.2875889212735374
2.924089544775553
none 
1.2596687699595015
none 
1.7152045099704334
3.1005029176350734
1.1650417200222711
1.0547154687635283
1.1728235695377291
none 
1.4310461476025023
0.9753736538280712
0.9695842190835673
1.1394541268124423
0.8006849216920651
1.8994893363011274
1.3765013822950454
none 
1.2515855610908027
none 
none 
1.6681232787014306
1.600405068936979
0.7694736100244748
1.196082984820793
0.9777445785530418
1.7558109724193607
1.0115194255312194
1.109965495861183
1.9522876185882843
none 
0.6665212145507312
1.070264526034666
none 
1.151890983549322
1.2631161516305207
none 
2.3151000486551303
1.8372986698041656
1.0368634838588662
4.124246444147307
1.768345632242714
1.2991767075318164
1.0735955998573503
none 
1.0938549655317864
none 
0.6995454167228699
none 
0.6312885970729567
1.0105186670481074
none 
1.1561746845251069
3.1835898897498045
none 
none 
1.5416007344466371
0.827194338081652
1.0377892493607745
1.3449506167744416
1.7663336532371363
none 
2.2554882519872135
none 
1.225950830295121
1.110305939226016
1.0432213391824408
0.8994499513252112
none 
none 
1.1906600362138393
1.2390968618072091
1.0052901918850998
0.5740955739828948
1.2820503257936546
1.2748180313470043
1.0762715933650089
0.9514944340684768
none 
none 
1.40183243729767
2.12992692231908
0.8891830093907703
1.294373660652225
1.1486146772735724
none 
none 
2.7047981850373635
0.9115334801535707
0.9643729007662751
1.7916745219961525
1.2456413473576031
1.6548214169040547
0.8400662064079885
0.7558527988161616
0.46218910567448
0.9553910907209373
none 
1.0319430417956534
1.0913079293159553
1.2598642764204038
1.7180886332409921
0.9870947706753368
none 
1.285018306367161
1.228055088756325
none 
1.0387908184437729
0.9170438623898829
1.0875526857669597
none 
none 
none 
none 
0.983040528990357
0.8689464538541035
none 
none 
1.3667066297459718
1.0602779470164672
none 
1.2049776331845279
0.9347426206816201
1.2030565049550166
1.2993844656719888
0.7352986063699543
2.0839279147366367
1.868327010348772
none 
1.4351016227231121
0.5272169673866931
2.0273138294782043
1.3563795778668344
1.2255825178475184
none 
none 
1.2579573679110676
0.7169562843014547
0.47403329661624927
1.614611302782786
none 
1.4036672901881486
0.8322318227046328
1.5806120471718885
1.0393806684633786
1.7202960833744532
1.2298127660608527
1.082300665000536
0.3339884452791968
1.0684204676959834
0.8516258310978622
1.2048320636583734
1.186507601169358
1.0806278257087163
1.0667806168665441
0.9892785851505757
1.9299548131336346
1.4161701374795714
1.2001845954089498
none 
0.8956935936050681
1.3172014147349347
none 
1.0120204534051365
1.015311927767422
1.4114629936890013
1.7219012047951987
1.5076747426422212
1.7019928480583835
1.0120427468919515
none 
1.315793175997029
none 
1.2459208004179354
1.122373149062952
0.8833232971127152
1.2005900211867706
none 
1.183400836153298
1.190547947852671
0.713832027046906
0.9326429313739366
none 
2.846322247232421
0.6313176936295214
none 
1.2478963277711634
none 
0.8045508452268979
1.5353635490349586
none 
0.8019198923171047
none 
1.0057491569685915
none 
1.8903396477895047
1.1941436219804147
0.9678495215996417
0.7991993364397321
1.046953070935392
1.8813106730156295
1.3107491154805597
2.31949276397446
none 
none 
0.8150250734374551
0.8706468343950309
1.3994310926978026
none 
1.1452940701980903
1.3729733467172625
1.1153607714484288
1.5971678542428989
none 
1.6479302943861278
none 
1.2669869330874708
1.1619784743488681
1.4449903388865097
1.4856450901826566
2.847355883748536
0.8437714168165875
1.0554674101715806
1.5789272092323614
0.9655054228476972
1.0919672744153368
0.8310008888660787
1.2995760982883238
0.8156656245312819
1.0633009320510824
